SM:2022-05-25T20:04:35.1999031Z
LM:2022-05-25T20:04:54.1445240Z
CT:image/jpeg
MA:2592000
CL:1123726
