SM:2022-05-25T20:04:35.2038744Z
LM:2022-05-25T20:04:40.3761380Z
CT:image/jpeg
MA:2592000
CL:530624
